,cid,name,atc_code
0,2001,,
1,2002,,
2,2003,,
3,2004,,
4,2005,,
5,2006,,
6,2007,,
7,2008,,
8,2009,,
9,2010,,
10,2011,,
11,2012,,
12,2013,,
13,2014,,
14,2015,,
15,2016,,
16,2017,,
17,2018,,
18,2019,,
19,2020,,
20,2021,,
21,2022,,
22,2023,,
23,2024,,
24,2025,,
25,2026,,
26,2027,,
27,2028,,
28,2029,,
29,2030,,
30,2031,,
31,2032,,
32,2033,,
33,2034,,
34,2035,,
35,2036,,
36,2037,,
37,2038,,
38,2039,,
39,2040,,
40,2041,,
41,2042,,
42,2043,,
43,2044,,
44,2045,,
45,2046,,
46,2047,,
47,2048,,
48,2049,,
49,2050,,
50,2051,,
51,2052,,
52,2053,,
53,2054,,
54,2055,,
55,2056,,
56,2057,,
57,2058,,
58,2059,,
59,2060,,
60,2061,,
61,2062,,
62,2063,,
63,2064,,
64,2065,,
65,2066,,
66,2067,,
67,2068,,
68,2069,,
69,2070,,
70,2071,,
71,2072,,
72,2073,,
73,2074,,
74,2075,,
75,2076,,
76,2077,,
77,2078,,
78,2079,,
79,2080,,
80,2084,,
81,2085,,
82,2086,,
83,2087,,
84,2089,,
85,2090,,
86,2093,,
87,2094,,
88,2095,,
89,2096,,
90,2098,,
91,2100,,
92,2101,,
93,2102,,
94,2103,,
95,2104,,
96,2105,,
97,2106,,
98,2107,,
99,2108,,
100,2109,,
101,2110,,
102,2111,,
103,2112,,
104,2113,,
105,2114,,
106,2115,,
107,2116,,
108,2117,,
109,2120,,
110,2121,,
111,2122,,
112,2123,,
113,2124,,
114,2125,,
115,2126,,
116,2127,,
117,2128,,
118,2129,,
119,2133,,
120,2134,,
121,2135,,
122,2136,,
123,2137,,
124,2138,,
125,2139,,
126,2141,,
127,2142,,
128,2143,,
129,2144,,
130,2146,,
131,2147,,
132,2148,,
133,2149,,
134,2150,,
135,2152,,
136,2154,,
137,2155,,
138,2156,,
139,2158,,
140,2160,,
141,2163,,
142,2166,,
143,2167,,
144,2168,,
145,2169,,
146,2171,,
147,2172,,
148,2173,,
149,2174,,
150,2175,,
151,2176,,
152,2177,,
153,2178,,
154,2180,,
155,2181,,
156,2182,,
157,2183,,
158,2184,,
159,2185,,
160,2186,,
161,2188,,
162,2189,,
163,2190,,
164,2191,,
165,2192,,
166,2193,,
167,2195,,
168,2197,,
169,2198,,
170,2199,,
