              precision    recall  f1-score   support

           0       0.72      0.64      0.68       233
           1       0.79      0.64      0.71       139
           2       0.70      0.78      0.73       320
           3       0.56      0.55      0.55        99
           4       0.69      0.74      0.71        72
           5       0.71      0.48      0.58        31
           6       0.68      0.64      0.66        80
           7       0.81      0.89      0.84       755
           8       0.81      0.72      0.77       419
           9       0.74      0.38      0.50        45
          10       0.71      0.87      0.78       424
          11       0.94      0.74      0.83        39
          12       0.71      0.52      0.60        46
          13       0.71      0.55      0.62        99
          14       0.55      0.37      0.44        30
          15       0.69      0.55      0.61        96

    accuracy                           0.75      2927
   macro avg       0.72      0.63      0.66      2927
weighted avg       0.75      0.75      0.74      2927
